K-Means Fused Module 1:
Features: ['appreciated', 'available', 'centaur', 'cheers', 'coverage', 'did', 'didn', 'does', 'don', 'early', 'game', 'games', 'gm', 'going', 'good', 'got', 'group', 'hi', 'just', 'know', 'looking', 'love', 'make', 'need', 'news', 'oh', 'orbit', 'people', 'play', 'player', 'players', 'post', 'real', 'really', 'said', 'season', 'space', 'sports', 'steve', 'stick', 'team', 'thanks', 'things', 'think', 'thou', 'time', 've', 'way', 'year', 'yes']
Samples_indices: [1, 4, 5, 6, 8, 10, 12, 13, 18, 20, 21, 22, 23, 24, 26, 27, 31, 36, 37, 41, 42, 47, 51, 55, 56, 57, 60, 61, 62, 63, 64, 71, 72, 73, 74, 75, 76, 79, 81, 84, 89, 90, 91, 92, 94, 96, 98, 100, 102, 107, 109, 110, 111, 112, 113, 117, 118, 121, 124, 125, 127, 128, 129, 130, 131, 132, 133, 134, 135, 136, 138, 143, 146, 147, 150, 151, 153, 154, 155, 156, 158, 159, 161, 163, 170, 171, 172, 174, 175, 177, 181, 183, 186, 191, 196, 197, 198, 199, 200, 202, 204, 206, 207, 209, 211, 212, 214, 215, 217, 218, 221, 223, 224, 229, 231, 232, 234, 236, 237, 239, 244, 245, 246, 251, 253, 254, 257, 259, 262, 263, 264, 265, 268, 269, 270, 271, 273, 274, 276, 277, 280, 282, 284, 285, 286, 290, 291, 292, 293, 294, 295, 297, 299]
Samples_labels: [5, 0, 2, 3, 2, 1, 3, 4, 2, 3, 2, 3, 1, 3, 5, 0, 2, 2, 2, 3, 3, 4, 2, 3, 3, 3, 2, 4, 4, 3, 1, 1, 3, 2, 2, 4, 5, 2, 5, 3, 2, 0, 1, 0, 0, 2, 0, 2, 1, 2, 2, 1, 2, 2, 2, 4, 0, 0, 5, 1, 3, 3, 1, 2, 5, 0, 5, 4, 5, 1, 2, 3, 4, 2, 0, 5, 3, 0, 1, 2, 4, 3, 1, 4, 3, 2, 1, 3, 4, 4, 2, 4, 0, 1, 5, 2, 3, 3, 1, 4, 3, 1, 2, 3, 2, 2, 5, 2, 0, 4, 3, 1, 0, 5, 2, 3, 2, 2, 3, 0, 2, 2, 0, 3, 1, 1, 3, 3, 2, 2, 5, 3, 3, 5, 3, 2, 1, 3, 2, 4, 2, 1, 3, 5, 1, 1, 2, 5, 3, 3, 3, 3, 3]

K-Means Fused Module 2:
Features: ['actually', 'believe', 'bible', 'christian', 'christians', 'course', 'data', 'did', 'does', 'don', 'faith', 'god', 'good', 'image', 'jesus', 'just', 'know', 'life', 'like', 'll', 'long', 'make', 'man', 'mask', 'need', 'new', 'old', 'people', 'point', 'probably', 'question', 'read', 'really', 'right', 'said', 'say', 'space', 'sun', 'tell', 'thing', 'think', 'tiff', 'time', 'truth', 'understand', 'use', 'used', 've', 'way', 'years']
Samples_indices: [0, 2, 3, 7, 9, 11, 14, 15, 16, 17, 19, 25, 28, 29, 30, 32, 33, 34, 35, 38, 39, 40, 43, 44, 45, 46, 48, 49, 50, 52, 53, 54, 58, 59, 65, 66, 67, 68, 69, 70, 77, 78, 80, 82, 83, 85, 86, 87, 88, 93, 95, 97, 99, 101, 103, 104, 105, 106, 108, 114, 115, 116, 119, 120, 122, 123, 126, 137, 139, 140, 141, 142, 144, 145, 148, 149, 152, 157, 160, 162, 164, 165, 166, 167, 168, 169, 173, 176, 178, 179, 180, 182, 184, 185, 187, 188, 189, 190, 192, 193, 194, 195, 201, 203, 205, 208, 210, 213, 216, 219, 220, 222, 225, 226, 227, 228, 230, 233, 235, 238, 240, 241, 242, 243, 247, 248, 249, 250, 252, 255, 256, 258, 260, 261, 266, 267, 272, 275, 278, 279, 281, 283, 287, 288, 289, 296, 298]
Samples_labels: [2, 0, 4, 1, 3, 1, 3, 3, 2, 4, 4, 3, 1, 1, 5, 0, 0, 4, 3, 5, 1, 1, 3, 4, 3, 4, 0, 3, 4, 4, 4, 3, 4, 3, 4, 0, 0, 2, 5, 1, 0, 5, 2, 4, 3, 3, 1, 4, 3, 5, 5, 4, 4, 3, 1, 2, 3, 1, 4, 3, 3, 0, 4, 4, 0, 4, 1, 1, 2, 4, 1, 1, 3, 0, 0, 3, 3, 3, 5, 5, 4, 5, 0, 5, 0, 5, 5, 0, 4, 2, 1, 0, 5, 4, 0, 3, 2, 3, 0, 4, 1, 1, 2, 1, 5, 1, 0, 3, 3, 0, 1, 4, 0, 4, 5, 3, 4, 4, 4, 4, 4, 4, 4, 3, 4, 3, 5, 3, 0, 0, 1, 1, 3, 5, 1, 4, 0, 2, 4, 0, 3, 4, 3, 0, 4, 5, 1]

